# Created by Octave 11.1.0, Mon Jul 20 22:07:32 2026 UTC
# name: signal
# type: matrix
# rows: 1
# columns: 2001
 -0.22479921665675706 -0.11761797262546869 1.2575033202713333 1.0793811337251775 0.37669112381541187 0.72378159842132261 -0.16545551564986574 0.74435978440324635 0.77827027138025762 1.1285902081599624 0.10772386106824849 1.3009324677308147 0.024322440598247966 -1.3741787885418404 -1.8351951348905702 -1.5709714090211051 -0.47852246437546253 -0.36735570423201169 0.59019012807815552 0.79730712037853657 0.72734385200617346 -0.63131369564528617 -0.64492795246115742 -0.4919392732668712 -0.26549560094610802 0.53291526356445806 1.1987251203373599 2.3387346811064424 0.80208815896057728 1.3910755184656227 -0.36149666525375751 -1.3443171728034291 -0.43660879653580009 -1.8866893646261309 0.32609730085466221 -0.062636886552923654 1.0708635953746386 0.10561498350587539 -0.58885941694281607 -0.72270092732671043 0.3747120599984668 -0.078209460096262368 1.1998407082343423 1.3455256968283358 0.36064498456835059 0.59368626237925415 0.20500652585614298 -0.24091345998114411 0.20607372719791317 0.071674327780125058 0.54384920012637472 0.39762192030879329 0.98513239169304168 -0.55661946457727141 -0.84447347903016201 -1.4448351119272311 -1.1456469883114544 -1.7615623888025609 -0.61212270021023574 -0.63523352579393566 0.50203218152040718 1.203888558823595 0.27089230033092171 0.20370464319270662 0.27966008515967955 -0.34698628389917857 0.015500412105701966 1.0111997848458125 0.93994218778921046 0.89019384205331109 0.39172999671513609 0.17727493188596871 -0.52831582690446222 -0.71275519238860308 -1.6554140090859364 -1.0620818759236506 -0.37119750008174002 0.41574300967076888 0.62309671896753849 0.033080598659247354 -0.26464649833912635 -0.29999088642652327 -0.78182920142466927 -0.23740590956850316 1.6114284757346122 1.9337256062066079 0.91307003848109047 0.71541942127777758 0.062876749155590828 -0.1171407457518614 0.4139479303600152 -0.4197148480313494 -0.25395976463943287 -0.00082085435303036469 0.53726305573162259 -0.1363109696194843 -0.2954842010931204 -1.7592335105815742 -1.2775598800496226 -0.91770630855345547 -0.68200404911243073 1.2710439818323058 1.3946482088473076 1.0209437016649476 0.15149303068208608 0.64251946143571437 -0.91702154906816824 -0.30448201572266503 -0.47625369819764851 0.5375493485250451 0.89271717531639494 0.15696719045789143 -0.136687617081165 -1.0838431338060819 -1.6362993551227039 -1.5069522587351249 -1.0875324315389698 -0.87960501178681527 1.0398938395636947 1.1944866543015062 0.6466352316634999 0.55615280529359767 -0.9856534969984112 0.66149625882233154 0.80769340543371737 0.62354709383737283 1.3776861593733667 2.2428113439345512 1.0232983652165246 0.46733166566739037 -0.53364146544037128 -0.87081963749482683 -0.82864715548729007 -1.4488945378101796 -0.41988282618386807 -0.15063263247005626 -0.16553946944483283 -1.0247676209125838 -0.52873544064849476 -1.490436847448108 -0.42470767836751278 0.25898901872995828 0.37008052653500301 1.5393079034520316 1.7717785558977048 1.7725051156798683 -0.27250877699898657 -0.074479229733490193 -0.21209765294093363 -1.2022765275700136 0.56892981241359741 0.66393013779613874 0.62741887373049465 0.19881423494105405 -1.3584866304268246 -0.80609082782290364 -0.91311095036464962 -2.0044691372541092 -1.1278283555939823 0.32260816630293959 0.87662174400098436 1.2592136932326732 -0.084999133803993931 0.47174320744037973 -0.16658322442151594 0.30269733849768765 0.68574166049036833 0.52526381753619644 1.4623610640043081 1.2059105028220303 0.97065584802281846 -0.72363951457778553 -1.7885709224169224 -2.1454270094460943 -1.583122629980368 -1.0135581058879817 -0.06694096016104531 0.68568643180774025 0.5928336155252687 -0.37033860158479243 -0.51396128414581987 -0.20175549717736863 -0.33898469925889418 0.59312337204021959 1.3679133639408798 1.3370824542301962 1.7641016466975743 0.84724725221432973 0.49568418332822262 -1.0177119364468143 -1.3519648431995077 -0.22329781284048317 -0.73797272763033117 0.14419332282279962 0.06057414379848064 0.70562801456893742 -0.76186582747513332 -0.81179851733883712 -0.87492248696491282 -0.66865779834719408 0.55883231985409132 1.0452076370075818 0.89054732651246715 0.20421785679350979 1.5228289425057102 1.1885784458721074 -0.44229856270832951 -1.4292987797187271 0.15689481848457817 0.10875279402102767 0.92434831511900295 -0.11627928798947318 0.49547446602756839 -0.32554260577247074 -1.4897222846965903 -2.0660804947869105 -1.7147725746145515 -0.60342412236230669 0.013379322012070205 0.4453185332107345 0.91348146841493993 -0.25287705025542651 0.60786501884198407 0.12349183797380758 -0.59626769100899235 0.39965676411162648 1.9628638784596584 1.9794856574882596 0.8299955951188398 0.16434191428578171 -0.097987718388368727 -1.3359046223120479 -0.72615619072772142 -0.99001526313631194 -0.98287385031676788 0.1349640045813808 0.73166140733883434 -0.89563008616478146 -0.79874225055037718 -1.9844400507470583 -1.1131014809301771 -0.18467814872892527 1.4655455590649447 1.0075805033023657 1.8303156131543659 1.7655642998195362 0.7200674027830738 -0.51219461995426507 -1.4463300898147138 -0.24897836118870054 -0.1179370401109142 0.89849121218554084 0.97631416628221901 -1.0144284782279289 0.26812029459241671 -0.82724890586496591 -1.8853273548617642 -0.92292045655228239 0.050990431707233164 -0.06761577638455496 1.5408435030601613 1.0865227576028065 0.91619688303607139 -0.46637863903120597 -1.2214885904674952 -1.3465585904608157 -0.05451243901038666 0.53085023532041786 1.7063423486485605 1.4553720823377083 1.1434517213234843 -0.42700232102228486 -0.95717122950508537 -0.99594116881263506 -1.6917704704569263 -0.15006410076355514 0.36701756812051689 0.75357272778636997 0.20165359723852372 -0.33224535130812449 0.65268252007107797 -0.4050989019625611 0.39679418480567047 0.22780194075164772 1.4151201146345003 0.36971901133289542 1.2063883547391601 0.89562282942724025 0.70857163560349579 -0.51947483708171005 -1.000643326582368 -0.35414205485798589 -0.20428338989285183 0.81434524503298822 0.22936733581370758 -0.46233608534924425 -0.93247796628934065 -0.95127115991654465 -0.84680029938802792 -1.3955267488085712 -0.51975885155225132 0.29629768265631817 1.9905262805442421 1.0366452608017471 0.64727694605150377 -0.70697242698982188 -0.69945107153187136 0.76504433386536363 1.0355732735387213 0.5565227150897516 1.4459700768692798 0.87001720558716211 -0.75835790876564824 -0.37934142383656666 -1.1871989088515016 -2.4981365192127578 -1.1120850730527301 0.41580005610752246 1.0271777672797509 0.44994745428477656 1.540166180450059 0.11773835640964014 0.55543314193971116 0.14025507725943132 -0.68901682902129024 1.3518987296577349 1.4495454390092033 1.6605790101756304 0.78946839525708934 0.90206170613075787 -0.37159676614220205 -1.3124845557097726 -1.4093430042119586 -0.72379856971690482 0.086358865994973666 -0.23338947473661298 0.76806029556591915 0.89827843577128419 -0.78058456402245346 -0.363183015838764 -2.0370814815390328 -1.2924384608661188 0.36272847851741891 1.7195542408987561 1.8898250467617927 1.6909738472613038 0.58548346998210421 -0.7140921573929121 1.119021045155062 -0.47010001905572935 -0.85993452109392021 0.32982284987070976 0.0036984009598267642 0.81417562374040442 -0.39281353244468409 -0.69620450633076625 -0.85361327184970426 -1.6025041660544126 -0.15552773644391371 -0.50540883432322403 0.5759876824962773 0.9444171252020499 0.340076218526982 0.26154451670529899 -0.38167800722904016 0.074527608932591249 0.29488288550721098 -0.051346577858473741 1.9685687861352168 1.1248304122725594 0.6402666786134994 0.63409629600128858 -1.0914388294656119 -1.8643725530994186 -1.8317140130361067 -0.25641142520425136 -0.32840461766517021 0.78218949223483469 0.23003372168382197 0.14321397416774476 -1.7076370973630615 -1.0450095428734787 -0.35544019310800901 0.11253635549735108 1.1179402046864417 1.8751832494838307 2.1189911057908812 1.0719900958644513 0.013033119648594323 -0.59572830327814208 -1.2436613545657658 